MY_ACCOUNT_ID = 0.0.47540202
MY_PRIVATE_KEY = 302e020100300506032b657004220420b69079b0cdebea97ec13c78bf7277d3f4aef35189755b5d11c2dfae40c566aa8

TREASURY_ACCOUNT_ID = 0.0.47645191
TREASURY_PRIVATE_KEY = 308ed38983d9d20216d00371e174fe2d475dd32ac1450ffe2edfaab782b32fc5

TOKEN_A_ID = 0.0.47646195
TOKEN_B_ID = 0.0.47646196

DEX_CONTRACT_OWNER_ID = 0.0.47658645
DEX_CONTRACT_OWNER_KEY = 5ba74643bb51e12a173c95c7daadfa81d2a939ea1b35f450a2207ad9e5f22dd7

TRADER_ACCOUNT_ID = 0.0.47645250
TRADER_PRIVATE_KEY = 42357d568119c2a53a4cf1eb364edb4e0cc0850379169f18d61ea84b4922779f

LIQUIDITY_PROVIDER_ACCOUNT_ID = 0.0.47645260
LIQUIDITY_PROVIDER_PRIVATE_KEY = 62e009255414ed039cefcf9ab64386a8588ee77be033485c5ae11e6cf68e7572



LAST_CONTRACT = 0000000000000000000000000000000002d705fe